8 1 0.9147569453125 0.994791665625 0.9017361109375001 0.601041665625 0.067708334375 0.607291665625 0.1142361109375 0.7170138890625 0.4670138890625 0.8757367640625 0.973334659375 0.885905490625 0.9984375 0.9996628218750001 0.9984375 1 0.9576388890624999 1 0.9147569453125
8 0.095319178125 1 0.10008680625 0.9911458328125 0.3578125 0.314962290625 0.3578125 0.2993923421875 0.3577256953125 0.29739583281250004 0.3389756953125 0.3064236109375 0.277864584375 0.3786458328125 0.22508680625 0.4703125 0.040364584375 0.973090278125 0.034375 0.9990451437500001 0.034375 1 0.095319178125 1
8 0.3470486109375 0.2508680546875 0.3421875 0.2640625 0.3942708328125 0.248090278125 0.5178819453125 0.0633680546875 0.521875 0.0388392890625 0.521875 0.034236110937499994 0.5053819453124999 0.048090278125000004 0.3470486109375 0.2508680546875
8 0.21415155000000002 0.3936815359375 0.18066492812499998 0.45473036406249995 0.0002626609375 0.6714593140625 0.0009382734375 0.74375 0.0024408640625 0.74375 0.2126591125 0.4582843546875 0.26875 0.30582742343749997 0.26875 0.30325596875 0.24998580312500002 0.293023775 0.21415155000000002 0.3936815359375
8 0.361197915625 0.0631076390625 0.29453125 0.2631076390625 0.2939053359375 0.275 0.2994791671875 0.275 0.3118923609375 0.272135415625 0.322685825 0.245026440625 0.3333506671875 0.2130405734375 0.352902678125 0.15617660625000002 0.3921875 0.038195282812499995 0.3921875 0.037445746875000005 0.3813368046875 0.038802084375000004 0.361197915625 0.0631076390625
8 0.246259834375 0.4028776859375 0.247744128125 0.403125 0.2507502921875 0.403125 0.3234375 0.30488834374999996 0.3234375 0.302387746875 0.283151996875 0.3030444234375 0.246259834375 0.4028776859375
8 0 0.284375 0.0006983671875 0.284375 0.2695383203125 0.08206149375 0.3742455578125 0.04601276875 0.50625 0.004556243749999999 0.50625 0.004103992187500001 0.50269099375 0.0015625 0.499764053125 0.0015625 0.3818732828125 0.0363073640625 0.2709251359375 0.0681965984375 0.265377734375 0.0744358109375 0.2418012484375 0.0827547390625 0 0.2467998203125 0 0.284375
8 0.0004088109375 0.1625 0.0056885296875 0.1625 0.2102763859375 0.105693246875 0.253125 0.0780562078125 0.253125 0.07800126093750001 0.000047925 0.1445149546875 0.0004088109375 0.1625
8 0.000044803125 0.10941966875 0.000044803125 0.128125 0.0029500843749999998 0.128125 0.276148696875 0.060199301562499995 0.3239951125 0.039401950000000005 0.49375 0.0019963796875 0.49375 0.0019925171875 0.327462253125 0.0338559984375 0.000044803125 0.10941966875
8 0.6026422453125 0.0706007765625 0.6185910734375 0.10110350625 0.7406340218749999 0.13507247656250002 0.998355934375 0.228125 0.9984375 0.228125 0.9984375 0.188736440625 0.6026422453125 0.0706007765625
8 1 0.1250994609375 0.6182535437500001 0.046951596875 0.5913996984375001 0.0359375 0.591226196875 0.0359375 0.5946770578125 0.05249755625 0.6369760703125 0.068442184375 0.7728875875 0.1058773875 0.9974089546875 0.153125 1 0.153125 1 0.1250994609375
