8 0.92950345 1 0.91844983125 0.987654934375 0.9171493671875 0.984406871875 0.9002438734375 0.960371115625 0.6944444437499999 0.66180555625 0.5930555562500001 0.5298611109375 0.565972221875 0.515277778125 0.5916666671875 0.59930555625 0.6333333328124999 0.6951388890625 0.7986111109375 0.98680555625 0.809027778125 1 0.92950345 1
8 0.240277778125 0.159027778125 0.18819444375 0.177777778125 0.00069444375 0.26944444375 0.00069444375 0.309722221875 0.1729166671875 0.2208333328125 0.240277778125 0.159027778125
8 0.2124023578125 0.18551480625 0.1561523578125 0.24176480625000002 0.1065761296875 0.31324501875 0.08688056562499999 0.34246304375 0.0019856921874999997 0.4737092515625 0.0005968031250000001 0.594542584375 0.006846803125 0.5952370296875 0.1226906734375 0.3633330796875 0.1770027375 0.2655421046875 0.21878122968749997 0.21306888906250002 0.247819025 0.1834314734375 0.24573569218750002 0.16190369531249998 0.2124023578125 0.18551480625
8 0.0125 0.6423611109375 0 0.659027778125 0.00069444375 0.7263888890625 0.058333332812500006 0.67430555625 0.1888888890625 0.5298611109375 0.3861111109375 0.1923611109375 0.4048611109375 0.13333333281249998 0.26699524375 0.3177532359375 0.0125 0.6423611109375
8 0.0010440875000000001 0.1577344953125 0.23166559375 0.0995352015625 0.22330989531249998 0.089994628125 0 0.138890103125 0.0010440875000000001 0.1577344953125
8 0 0.1323030703125 0.077682103125 0.11980893125 0.14094661875 0.1037092078125 0.22868142812499997 0.087609484375 0.22629406406250002 0.07985775 0.1600453796875 0.08880204375 0.08185992656249999 0.10251662343750001 0 0.119212678125 0 0.1323030703125
8 0.3472861140625 0.059347157812499995 0.31348653125000003 0.06566241874999999 0.314309240625 0.069732478125 0.34943672187499997 0.06221206875 0.3472861140625 0.059347157812499995
8 0.35087054218749997 0.0643607671875 0.3154573 0.07256010625 0.315743 0.0765366375 0.3505120859375 0.069732478125 0.35087054218749997 0.0643607671875
8 0.55166604375 0.06951578593749999 0.5097281015624999 0.07309693125 0.48284480781249994 0.0752456 0.44843420624999997 0.07954297187500001 0.41474048437500005 0.0863471390625 0.3871403109375 0.09350943125 0.3559557125 0.10174606718749998 0.321545109375 0.11678683906250001 0.32297886875000004 0.12538158593749998 0.324054203125 0.12788838593750002 0.3307307546875 0.12724892968749998 0.36204926249999997 0.1142800546875 0.3874987671875 0.10389474218750001 0.4251353703125 0.09458377500000001 0.4631304 0.0856309265625 0.49288124062499994 0.080975428125 0.5355360609375001 0.07417126093750001 0.55345825625 0.0723806890625 0.55166604375 0.06951578593749999
8 0.6606329140625 0.05984669375 0.6091017875 0.06270626562500001 0.60901705625 0.07309693125 0.6613498828125 0.06665085937500001 0.6606329140625 0.05984669375
8 1 1 0.9999818296875 0.97422874375 0.7499802421874999 0.6600149171874999 0.67620751875 0.5652514953125001 0.6082897578125 0.476337653125 0.5427139609375 0.390933621875 0.4794802265625 0.3008498484375 0.4302983796875 0.22480513593749998 0.41548023125 0.179307003125 0.41287935625000005 0.1552713546875 0.41483 0.1390309625 0.4193814609375 0.120841721875 0.43173554531249997 0.10849905468750001 0.4453899859375 0.099404446875 0.546172921875 0.07341986874999999 0.5448724578124999 0.07082146875 0.459044425 0.0903098953125 0.43043508125 0.1059005984375 0.40897807343750003 0.12798748124999998 0.4044266109375 0.15267281875 0.4044266109375 0.1832046984375 0.4102785375 0.23192579375000003 0.43108531406250006 0.28389495 0.4935056953125 0.404040525 0.55769159375 0.5144625625 0.5641937515625 0.5157617765625 0.56809498125 0.5144625625 0.6046920203124999 0.52287028125 0.9581129046875001 1 1 1
