8 0.4375 0.03819444375 0.584224275 0.1742077671875 0.5867508984375001 0.16571693125 0.602777778125 0.1576388890625 0.5215277781250001 0.077777778125 0.4388519296875 0.0268409640625 0.43540650625 0.021792373437500002 0.43471740625 0.0155963578125 0.43219078125 0.015137390625 0.43012355781249995 0.0160553265625 0.428975096875 0.01972703125 0.429664196875 0.026382015624999998 0.43242048125 0.0325780109375 0.4375 0.03819444375
8 0.6243055562500001 0.17916666718750002 0.6113280328124999 0.1765025875 0.6081123484375001 0.186140809375 0.5916666671875 0.1923611109375 0.7333333328125 0.44097222187499996 0.9763888890624999 0.7909722218749999 0.9993055562500001 0.7986111109375 1 0.634027778125 0.675 0.23680555625 0.6243055562500001 0.17916666718750002
8 0 0.9993055562500001 0.0354166671875 1 0.07638888906249999 0.90625 0.08333333281250001 0.871527778125 0.0208333328125 0.7701388890625 0.01180555625 0.7666666671875 0.0013888890625 0.7729166671875001 0 0.9993055562500001
8 0.374942259375 0.089274628125 0.368717778125 0.12397928124999999 0.3512490890625 0.1656897765625 0.29197848125000003 0.2828190078125 0.2130883609375 0.42021890156249997 0.1029968796875 0.605838703125 0.1002191015625 0.6197275921875 0.1536913234375 0.6759775921875 0.16202465625 0.6829220359375 0.17660799062500002 0.67250536875 0.3627191015625 0.21972759218750001 0.3817691109375 0.15365859375 0.3867888359375 0.0890689109375 0.374942259375 0.089274628125
8 0.369721721875 0.0244894578125 0.3711272578125 0.035723340625 0.37373751875 0.05377778749999999 0.373938315625 0.0816618671875 0.38618738124999996 0.08204474687499999 0.38498174218750003 0.056385639062500006 0.380363575 0.03973544375 0.376147 0.030908809375000002 0.37715094374999997 0.022483414062500002 0.39120620625 0.019273731250000002 0.3904030578125 0.0154622375 0.3735367234375 0.0204773625 0.369721721875 0.0244894578125
8 0 0.0977756203125 0.12083021875 0.060864239062500006 0.178245303125 0.04290734375 0.2311670609375 0.0284420703125 0.2890813796875 0.0159720046875 0.3729573421875 0.0025043328125 0.365468440625 0.000509125 0.2825909890625 0.013477989062500001 0.23066778437500002 0.020960034375 0.1737519359375 0.028940867187500004 0.111344253125 0.03742051875 0 0.052342203125 0 0.0977756203125
8 0 0.17312230625 0.11206422499999999 0.1370539421875 0.110067159375 0.1101186203125 0 0.1430395859375 0 0.17312230625
8 0.00018714375 0.136064775 0.110067159375 0.102636584375 0.10607306875 0.075202446875 0 0.10463177187499999 0.00018714375 0.136064775
8 0.13353246093749999 0.0742048125 0.14152068125 0.077197634375 0.14224101875 0.089399734375 0.265836815625 0.058741943750000004 0.29629178437500003 0.0502623140625 0.3142652078125 0.0452742828125 0.3721796515625 0.0283149828125 0.3731780375 0.0188377390625 0.25685012500000004 0.04577308125 0.19893576562499998 0.06023835625 0.13353246093749999 0.0742048125
8 0.26590402968750004 0.06476178125 0.23527894374999997 0.074517340625 0.2002154515625 0.08294255625 0.1442913546875 0.0980193125 0.1459741234375 0.1221812390625 0.35289699375 0.053232509375 0.4296816953125 0.02485275625 0.43101314999999996 0.016870978124999998 0.4097088015625 0.0217487203125 0.3826344078125 0.02840023125 0.34979011875 0.0403729328125 0.30895665625 0.05278908125 0.26590402968750004 0.06476178125
8 0.45784109375000004 0.0060933062500000005 0.44751841875 0.009250393749999999 0.4399344546875 0.013249374999999999 0.43340379999999995 0.01661693125 0.43361445468750004 0.02187874375 0.4369851265625 0.0254567765625 0.442883765625 0.0183007078125 0.45552374687499997 0.012197017187500001 0.46563571406250004 0.00777709375 0.4746943859375 0.0052514187499999995 0.48248900624999996 0.00167339375 0.47448369531249995 0.0008315046875000001 0.46668904062500005 0.003567640625 0.45784109375000004 0.0060933062500000005
8 0.44351576562500006 0.0029362218749999997 0.4312971265625 0.004199059375 0.41928916093749996 0.0058828453125 0.41212650625 0.0084085046875 0.4047531953125 0.010513231250000001 0.406052090625 0.018032134375 0.41718250625 0.013670315625000002 0.4251878171875 0.01135511875 0.439513109375 0.009250393749999999 0.45004641875000007 0.006935206250000001 0.4681637140625 0.0033571703125 0.467953040625 0.0006210343749999999 0.45741973125 0.00167339375 0.44351576562500006 0.0029362218749999997
