8 0.9993055562500001 1 1 0.9159722218749999 0.99444444375 0.9020833328125001 0.6006944437499999 0.06805555625000001 0.60694444375 0.1145833328125 0.7166666671875 0.4673611109375 0.8753895421875001 0.9736818812499999 0.8860505562500001 1 0.9993055562500001 1
8 0.0951388890625 1 0.1 0.990972221875 0.3583333328125 0.31319444375 0.3576388890625 0.29722222187499997 0.33888888906250003 0.30625 0.27777777812500004 0.37847222187499996 0.225 0.4701388890625 0.040277778125000004 0.9729166671874999 0.034027778125000005 1 0.0951388890625 1
8 0.39444444375 0.2479166671875 0.51805555625 0.06319444375 0.5229166671875001 0.0333333328125 0.50555555625 0.0479166671875 0.34722222187499996 0.25069444375 0.3423611109375 0.2638888890625 0.39444444375 0.2479166671875
8 0.18040226718750002 0.45479882812500005 0 0.671527778125 0.00069444375 0.7458333328125 0.2123964515625 0.45835281875 0.26927532187500003 0.30375412343749997 0.2497231421875 0.29309223906250004 0.2138888890625 0.39375 0.18040226718750002 0.45479882812500005
8 0.3611111109375 0.06319444375 0.29444444375 0.26319444375 0.29375 0.27638888906250003 0.31180555625 0.272222221875 0.3225990203125 0.2451132453125 0.3332638625 0.213127378125 0.3528158734375 0.1562634109375 0.3923611109375 0.0375 0.38125 0.0388888890625 0.3611111109375 0.06319444375
8 0.28322820625 0.302734265625 0.24633604375 0.40256752812499996 0.2504965609375 0.40326075625 0.3253865375 0.3020470609375 0.28322820625 0.302734265625
8 0 0.28513302500000004 0.26991253125000003 0.0820123578125 0.37461976875 0.0459636328125 0.507064078125 0.004368965625 0.50221011875 0.0009027453125 0.38224749375 0.036258228125 0.271299346875 0.0681474640625 0.2657519453125 0.074386675 0.24217545937499999 0.082705603125 0 0.24700455937500002 0 0.28513302500000004
8 0.0003901390625 0.16402440625 0.21022846093749997 0.1057597875 0.25322085 0.0780300140625 0 0.1445814953125 0.0003901390625 0.16402440625
8 0 0.1293469421875 0.27610389375 0.0606989 0.32395030937499997 0.0399015484375 0.49383960625 0.0024663609375 0.32741745 0.034355596875 0 0.1099192671875 0 0.1293469421875
8 1 0.188948834375 0.6028031640625 0.07039483125 0.6187519921875 0.1008975625 0.7407949406250001 0.13486653125 1 0.2284545578125 1 0.191712615625 1 0.188948834375
8 1 0.125012259375 0.61805855 0.0468244796875 0.5910149875 0.03573256875 0.5944820640625 0.052370439062499996 0.6367810765625 0.068315065625 0.77269259375 0.10575027031249999 1 0.1535841671875 1 0.125012259375
