8 0.42844528437499996 0.019868359375 0.429134384375 0.02652334375 0.43189066875000004 0.032719339062500005 0.43697018749999994 0.038335771875 0.5827110796875 0.1734375 0.5839657265625 0.1734375 0.5862210859375 0.165858259375 0.6015625 0.1581257140625 0.6015625 0.1571064703125 0.520997965625 0.07791910625000001 0.4383221171875 0.0269822921875 0.43487669375 0.021933701562499998 0.43418759375000004 0.015737685937500002 0.4335672546875 0.015625 0.43088113124999994 0.015625 0.4295937453125 0.0161966546875 0.42844528437499996 0.019868359375
8 0.59140625 0.192417959375 0.733072915625 0.4410290703125 0.976128471875 0.7910290703125 0.9983537625000001 0.7984375 0.9984375 0.7984375 0.9984375 0.63249319375 0.6747395828125 0.2368624046875 0.624045140625 0.17922351718750001 0.611082534375 0.1765625 0.61106659375 0.1765625 0.6078519328125 0.1861976578125 0.59140625 0.192417959375
8 0.012065973437499999 0.76640625 0.00164930625 0.77265625 0.0002641453125 0.9984375 0.036246142187500004 0.9984375 0.0766493046875 0.9059895828125001 0.0828125 0.8751736109375001 0.0828125 0.8699999999999999 0.02109375 0.769878471875 0.012065973437499999 0.76640625
8 0.368471746875 0.1240372546875 0.35100305781249996 0.16574775 0.29173245 0.28287698125 0.2128423296875 0.420276875 0.1027508484375 0.6058966765625 0.0999730703125 0.619785565625 0.1534452921875 0.676035565625 0.16157761406249999 0.6828125 0.1620131375 0.6828125 0.17636195937500002 0.6725633421875 0.3624730703125 0.21978556562499998 0.3815230796875 0.1537165671875 0.3859375 0.0969154453125 0.3859375 0.0891373953125 0.37469622812500003 0.0893326015625 0.368471746875 0.1240372546875
8 0.3697169359375 0.024024200000000002 0.371122471875 0.0352580828125 0.3737327328125 0.0533125296875 0.37393352968750004 0.08119660937499999 0.3756416 0.08125 0.3861671140625 0.08125 0.38497695625 0.05592038125 0.3803587890625 0.0392701859375 0.37614221406250004 0.030443551562499997 0.3771461578125 0.02201815625 0.3890625 0.0192969203125 0.3890625 0.015394165625000001 0.3735319375 0.0200121046875 0.3697169359375 0.024024200000000002
8 0 0.096875 0.0024580968750000003 0.096875 0.1205901390625 0.0607878625 0.178005225 0.042830965625 0.23092698281250001 0.028365693749999997 0.28884129999999997 0.0158956265625 0.371875 0.00256319375 0.371875 0.0022035578125 0.3652283609375 0.000432746875 0.28235091093750003 0.013401612500000002 0.23042770625000003 0.02088365625 0.1735118578125 0.028864490625 0.111104175 0.037344140625 0 0.052233651562500004 0 0.096875
8 0 0.173266390625 0.1109375 0.13756066875 0.1109375 0.1250102546875 0.109849271875 0.11033283281249999 0 0.143188628125 0 0.173266390625
8 0.00034607968749999997 0.1047966328125 0.0005314843750000001 0.1359375 0.0014934875000000001 0.1359375 0.109375 0.103117303125 0.109375 0.0956701109375 0.1064191484375 0.07536730781249999 0.00034607968749999997 0.1047966328125
8 0.296522034375 0.0504748 0.31449545625 0.04548676875 0.37240989999999996 0.02852746875 0.3734082859375 0.019050225 0.257080375 0.0459855671875 0.1991660140625 0.0604508421875 0.133762709375 0.0744172984375 0.1417509296875 0.0774101203125 0.142438815625 0.0890625 0.1446874453125 0.0890625 0.26606706406249997 0.0589544296875 0.296522034375 0.0504748
8 0.4298339484375 0.024847615625 0.4311654015625 0.0168658375 0.4098610546875 0.0217435796875 0.3827866609375 0.028395090625 0.349942371875 0.0403677921875 0.3091089078125 0.052783940625000005 0.2660562828125 0.0647566390625 0.23543119531249998 0.0745121984375 0.2003677046875 0.082937415625 0.1444436078125 0.098014171875 0.1459965859375 0.1203125 0.151719240625 0.1203125 0.3530492453125 0.053227368750000004 0.4298339484375 0.024847615625
8 0.45565765 0.0120599078125 0.4657696171875 0.0076399843750000005 0.4748282890625 0.005114309375 0.482622909375 0.001536284375 0.4746175984375 0.0006943953125 0.46682294375 0.0034305312499999996 0.457974996875 0.005956196875 0.447652321875 0.009113284374999999 0.44006835781250003 0.013112265625 0.433537703125 0.016479821875 0.4337483578125 0.021741634375 0.4353459421875 0.0234375 0.43867047187499997 0.0234375 0.44301766875000004 0.0181635984375 0.45565765 0.0120599078125
8 0.44325547031249996 0.00288780625 0.43103683125 0.00415064375 0.41902886562499997 0.0058344296875 0.41186621093750003 0.0083600890625 0.4044929 0.010464815625 0.4056542484375 0.0171875 0.40782357343750003 0.0171875 0.41692221093750004 0.013621900000000001 0.42492752187500005 0.011306703125000001 0.4392528140625 0.009201978125 0.44978612343749996 0.006886790625 0.4671875 0.00345014375 0.4671875 0.000623096875 0.4571594359375 0.0016249781250000002 0.44325547031249996 0.00288780625
