8 0.917230953125 0.9842332609375 0.9003254593750001 0.9601975046875 0.6945260296875 0.6616319453124999 0.5931371421875 0.5296875 0.5660538078124999 0.5151041671875001 0.591748253125 0.5991319453124999 0.63341491875 0.694965278125 0.798692696875 0.9866319453125 0.808012871875 0.9984375 0.9283414421874999 0.9984375 0.9185314171875 0.9874813234375001 0.917230953125 0.9842332609375
8 0.0008680546875 0.26944444375 0.0008680546875 0.309375 0.001540796875 0.309375 0.173090278125 0.2208333328125 0.24007295625 0.159375 0.239486884375 0.159375 0.1883680546875 0.177777778125 0.0008680546875 0.26944444375
8 0.21239152187500002 0.18517891875 0.156141521875 0.24142891875 0.10656529374999998 0.31290913124999997 0.0868697296875 0.34212715625 0.00197485625 0.4733733640625 0.0005912171875 0.59375 0.0074110015625 0.59375 0.1226798375 0.36299719218750004 0.1769919015625 0.2652062171875 0.21877039375 0.21273300156250002 0.246875 0.18404804531250002 0.246875 0.1734526296875 0.24572485624999998 0.1615678078125 0.21239152187500002 0.18517891875
8 0.0125868046875 0.6425347218749999 0.0000868046875 0.6592013890625 0.0007812484375 0.7265625 0.0584201390625 0.6744791671875 0.1889756953125 0.530034721875 0.386197915625 0.192534721875 0.4046875 0.134326775 0.4046875 0.133855296875 0.26708205 0.317926846875 0.0125868046875 0.6425347218749999
8 0.000207796875 0.138535915625 0.001189259375 0.15625 0.0057308546875 0.15625 0.23125 0.0993383296875 0.23125 0.098469221875 0.2235176921875 0.0896404390625 0.000207796875 0.138535915625
8 0.16032359375 0.0886324546875 0.082138140625 0.10234703437499999 0.0002782140625 0.11904308906250001 0.0002782140625 0.13125 0.005771234375 0.13125 0.07796031718749999 0.11963934218750001 0.1412248328125 0.1035396171875 0.228125 0.08759305625 0.228125 0.08472982500000001 0.226572278125 0.0796881609375 0.16032359375 0.0886324546875
8 0.3129169078125 0.0653584859375 0.31360245781249996 0.06875 0.31690907031250004 0.06875 0.3484375 0.062000107812500004 0.3484375 0.061335850000000004 0.346716490625 0.059043225 0.3129169078125 0.0653584859375
8 0.31530524375 0.0765625 0.31587700937499996 0.0765625 0.35 0.0698847765625 0.35 0.064599009375 0.315027471875 0.072696309375 0.31530524375 0.0765625
8 0.5097297843749999 0.0733615171875 0.48284649062499996 0.0755101859375 0.4484358890625 0.0798075578125 0.41474216718749995 0.086611725 0.38714199374999997 0.0937740171875 0.35595739531250004 0.10201065312499999 0.321875 0.11690796562500001 0.321875 0.119018884375 0.3229805515625 0.125646171875 0.3240438875 0.128125 0.32434793906250003 0.128125 0.3307324375 0.127513515625 0.3620509453125 0.114544640625 0.38750045 0.10415932812499999 0.425137053125 0.0948483609375 0.4631320828125 0.0858955125 0.49288292343749995 0.0812400140625 0.53553774375 0.074435846875 0.553125 0.0726787375 0.553125 0.072109865625 0.5516677265625 0.069780371875 0.5097297843749999 0.0733615171875
8 0.609375 0.062758178125 0.609375 0.07312175625 0.6609375 0.0667705703125 0.6609375 0.06254452187500001 0.6606601328124999 0.05991225625 0.609375 0.062758178125
8 0.9984375 1 0.9984375 0.9727061906250001 0.749849796875 0.6602694015624999 0.6760770734375 0.5655059796875 0.6081593140625 0.47659213749999996 0.542583515625 0.39118810625 0.4793497828125 0.3011043328125 0.4301679359375 0.2250596203125 0.4153497875 0.1795614875 0.4127489125 0.1555258390625 0.41469955468749997 0.139285446875 0.419251015625 0.12109620624999999 0.43160509999999996 0.1087535390625 0.4452595421875 0.09965893125 0.5460424781250001 0.07367435312500001 0.5447420125 0.07107595312500001 0.45891398125 0.0905643796875 0.43030463750000003 0.1061550828125 0.4088476296875 0.128241965625 0.4042961671875 0.152927303125 0.4042961671875 0.1834591828125 0.4101480921875 0.23218027812500003 0.4309548703125 0.284149434375 0.49337525 0.404295009375 0.5575611484375 0.514717046875 0.5640633078125 0.5160162609375 0.5679645359375 0.514717046875 0.604561575 0.523124765625 0.95779395625 1 0.9984375 1
